24021,24123,24493,24126,24760,24862,25232,24865
24123,24043,24124,24493,24862,24782,24863,25232
24493,24124,24033,24125,25232,24863,24772,24864
24126,24493,24125,24020,24865,25232,24864,24759
24071,24127,24494,24130,24810,24866,25233,24869
24127,24012,24128,24494,24866,24751,24867,25233
24494,24128,24072,24129,25233,24867,24811,24868
24130,24494,24129,24051,24869,25233,24868,24790
24064,24131,24495,24134,24803,24870,25234,24873
24131,24089,24132,24495,24870,24828,24871,25234
24495,24132,24092,24133,25234,24871,24831,24872
24134,24495,24133,24067,24873,25234,24872,24806
24098,24135,24496,24138,24837,24874,25235,24877
24135,24075,24136,24496,24874,24814,24875,25235
24496,24136,24082,24137,25235,24875,24821,24876
24138,24496,24137,24069,24877,25235,24876,24808
24098,24139,24497,24135,24837,24878,25236,24874
24139,24076,24140,24497,24878,24815,24879,25236
24497,24140,24057,24141,25236,24879,24796,24880
24135,24497,24141,24075,24874,25236,24880,24814
24108,24142,24498,24145,24847,24881,25237,24884
24142,24104,24143,24498,24881,24843,24882,25237
24498,24143,24084,24144,25237,24882,24823,24883
24145,24498,24144,24103,24884,25237,24883,24842
24017,24146,24499,24149,24756,24885,25238,24888
24146,24035,24147,24499,24885,24774,24886,25238
24499,24147,24045,24148,25238,24886,24784,24887
24149,24499,24148,24016,24888,25238,24887,24755
24050,24150,24500,24153,24789,24889,25239,24892
24150,24060,24151,24500,24889,24799,24890,25239
24500,24151,24009,24152,25239,24890,24748,24891
24153,24500,24152,24070,24892,25239,24891,24809
24083,24154,24501,24157,24822,24893,25240,24896
24154,24078,24155,24501,24893,24817,24894,25240
24501,24155,24058,24156,25240,24894,24797,24895
24157,24501,24156,24077,24896,25240,24895,24816
24046,24158,24502,24160,24785,24897,25241,24899
24158,24109,24159,24502,24897,24848,24898,25241
24502,24159,24069,24137,25241,24898,24808,24876
24160,24502,24137,24082,24899,25241,24876,24821
24039,24161,24503,24164,24778,24900,25242,24903
24161,24071,24162,24503,24900,24810,24901,25242
24503,24162,24001,24163,25242,24901,24740,24902
24164,24503,24163,24002,24903,25242,24902,24741
23988,24165,24504,24168,24727,24904,25243,24907
24165,24104,24166,24504,24904,24843,24905,25243
24504,24166,24049,24167,25243,24905,24788,24906
24168,24504,24167,23987,24907,25243,24906,24726
24111,24169,24505,24172,24850,24908,25244,24911
24169,24101,24170,24505,24908,24840,24909,25244
24505,24170,24120,24171,25244,24909,24859,24910
24172,24505,24171,24079,24911,25244,24910,24818
24048,24173,24506,24176,24787,24912,25245,24915
24173,24086,24174,24506,24912,24825,24913,25245
24506,24174,24027,24175,25245,24913,24766,24914
24176,24506,24175,24121,24915,25245,24914,24860
24024,24177,24507,24180,24763,24916,25246,24919
24177,24084,24178,24507,24916,24823,24917,25246
24507,24178,23989,24179,25246,24917,24728,24918
24180,24507,24179,23990,24919,25246,24918,24729
24066,24181,24508,24184,24805,24920,25247,24923
24181,24095,24182,24508,24920,24834,24921,25247
24508,24182,24054,24183,25247,24921,24793,24922
24184,24508,24183,24032,24923,25247,24922,24771
23953,24185,24509,24188,24692,24924,25248,24927
24185,23954,24186,24509,24924,24693,24925,25248
24509,24186,24044,24187,25248,24925,24783,24926
24188,24509,24187,24121,24927,25248,24926,24860
24059,24189,24510,24192,24798,24928,25249,24931
24189,24108,24190,24510,24928,24847,24929,25249
24510,24190,24073,24191,25249,24929,24812,24930
24192,24510,24191,24053,24931,25249,24930,24792
24112,24193,24511,24196,24851,24932,25250,24935
24193,24072,24194,24511,24932,24811,24933,25250
24511,24194,24013,24195,25250,24933,24752,24934
24196,24511,24195,24055,24935,25250,24934,24794
24042,24197,24512,24199,24781,24936,25251,24938
24197,24019,24198,24512,24936,24758,24937,25251
24512,24198,24020,24125,25251,24937,24759,24864
24199,24512,24125,24033,24938,25251,24864,24772
23980,24200,24513,24203,24719,24939,25252,24942
24200,23981,24201,24513,24939,24720,24940,25252
24513,24201,24025,24202,25252,24940,24764,24941
24203,24513,24202,24085,24942,25252,24941,24824
23928,24204,24514,24207,24667,24943,25253,24946
24204,24103,24205,24514,24943,24842,24944,25253
24514,24205,24024,24206,25253,24944,24763,24945
24207,24514,24206,23927,24946,25253,24945,24666
23994,24208,24515,24211,24733,24947,25254,24950
24208,23995,24209,24515,24947,24734,24948,25254
24515,24209,24047,24210,25254,24948,24786,24949
24211,24515,24210,24038,24950,25254,24949,24777
24047,24212,24516,24210,24786,24951,25255,24949
24212,23979,24213,24516,24951,24718,24952,25255
24516,24213,24085,24214,25255,24952,24824,24953
24210,24516,24214,24038,24949,25255,24953,24777
24083,24215,24517,24218,24822,24954,25256,24957
24215,24114,24216,24517,24954,24853,24955,25256
24517,24216,24068,24217,25256,24955,24807,24956
24218,24517,24217,24040,24957,25256,24956,24779
24094,24219,24518,24222,24833,24958,25257,24961
24219,24074,24220,24518,24958,24813,24959,25257
24518,24220,24105,24221,25257,24959,24844,24960
24222,24518,24221,24095,24961,25257,24960,24834
24119,24223,24519,24226,24858,24962,25258,24965
24223,24063,24224,24519,24962,24802,24963,25258
24519,24224,24051,24225,25258,24963,24790,24964
24226,24519,24225,24122,24965,25258,24964,24861
24046,24227,24520,24158,24785,24966,25259,24897
24227,24079,24171,24520,24966,24818,24910,25259
24520,24171,24120,24228,25259,24910,24859,24967
24158,24520,24228,24109,24897,25259,24967,24848
24091,24229,24521,24231,24830,24968,25260,24970
24229,24066,24184,24521,24968,24805,24923,25260
24521,24184,24032,24230,25260,24923,24771,24969
24231,24521,24230,24063,24970,25260,24969,24802
23932,24232,24522,24235,24671,24971,25261,24974
24232,23933,24233,24522,24971,24672,24972,25261
24522,24233,24028,24234,25261,24972,24767,24973
24235,24522,24234,24088,24974,25261,24973,24827
23967,24236,24523,24239,24706,24975,25262,24978
24236,23968,24237,24523,24975,24707,24976,25262
24523,24237,24092,24238,25262,24976,24831,24977
24239,24523,24238,24026,24978,25262,24977,24765
24003,24240,24524,24242,24742,24979,25263,24981
24240,24004,24241,24524,24979,24743,24980,25263
24524,24241,24050,24153,25263,24980,24789,24892
24242,24524,24153,24070,24981,25263,24892,24809
24003,24242,24525,24244,24742,24981,25264,24983
24242,24070,24243,24525,24981,24809,24982,25264
24525,24243,24039,24164,25264,24982,24778,24903
24244,24525,24164,24002,24983,25264,24903,24741
24043,24123,24526,24247,24782,24862,25265,24986
24123,24021,24245,24526,24862,24760,24984,25265
24526,24245,24022,24246,25265,24984,24761,24985
24247,24526,24246,24075,24986,25265,24985,24814
24083,24157,24527,24215,24822,24896,25266,24954
24157,24077,24248,24527,24896,24816,24987,25266
24527,24248,24100,24249,25266,24987,24839,24988
24215,24527,24249,24114,24954,25266,24988,24853
24045,24250,24528,24148,24784,24989,25267,24887
24250,24078,24251,24528,24989,24817,24990,25267
24528,24251,24015,24252,25267,24990,24754,24991
24148,24528,24252,24016,24887,25267,24991,24755
24067,24253,24529,24134,24806,24992,25268,24873
24253,24106,24254,24529,24992,24845,24993,25268
24529,24254,24102,24255,25268,24993,24841,24994
24134,24529,24255,24064,24873,25268,24994,24803
24087,24256,24530,24258,24826,24995,25269,24997
24256,24052,24257,24530,24995,24791,24996,25269
24530,24257,24038,24214,25269,24996,24777,24953
24258,24530,24214,24085,24997,25269,24953,24824
24060,24259,24531,24261,24799,24998,25270,25000
24259,24110,24260,24531,24998,24849,24999,25270
24531,24260,24079,24227,25270,24999,24818,24966
24261,24531,24227,24046,25000,25270,24966,24785
24067,24262,24532,24253,24806,25001,25271,24992
24262,23970,24263,24532,25001,24709,25002,25271
24532,24263,24037,24264,25271,25002,24776,25003
24253,24532,24264,24106,24992,25271,25003,24845
24028,24265,24533,24268,24767,25004,25272,25007
24265,23935,24266,24533,25004,24674,25005,25272
24533,24266,23936,24267,25272,25005,24675,25006
24268,24533,24267,24090,25007,25272,25006,24829
23964,24269,24534,24272,24703,25008,25273,25011
24269,23965,24270,24534,25008,24704,25009,25273
24534,24270,24026,24271,25273,25009,24765,25010
24272,24534,24271,24089,25011,25273,25010,24828
23947,24273,24535,24276,24686,25012,25274,25015
24273,24086,24274,24535,25012,24825,25013,25274
24535,24274,24042,24275,25274,25013,24781,25014
24276,24535,24275,23946,25015,25274,25014,24685
24051,24277,24536,24130,24790,25016,25275,24869
24277,24000,24278,24536,25016,24739,25017,25275
24536,24278,24001,24162,25275,25017,24740,24901
24130,24536,24162,24071,24869,25275,24901,24810
24069,24159,24537,24281,24808,24898,25276,25020
24159,24109,24279,24537,24898,24848,25018,25276
24537,24279,24036,24280,25276,25018,24775,25019
24281,24537,24280,23939,25020,25276,25019,24678
24101,24282,24538,24170,24840,25021,25277,24909
24282,24117,24283,24538,25021,24856,25022,25277
24538,24283,24036,24284,25277,25022,24775,25023
24170,24538,24284,24120,24909,25277,25023,24859
24076,24139,24539,24287,24815,24878,25278,25026
24139,24098,24285,24539,24878,24837,25024,25278
24539,24285,24116,24286,25278,25024,24855,25025
24287,24539,24286,24097,25026,25278,25025,24836
24054,24288,24540,24291,24793,25027,25279,25030
24288,24105,24289,24540,25027,24844,25028,25279
24540,24289,24056,24290,25279,25028,24795,25029
24291,24540,24290,24041,25030,25279,25029,24780
23951,24292,24541,24294,24690,25031,25280,25033
24292,23952,24293,24541,25031,24691,25032,25280
24541,24293,24121,24175,25280,25032,24860,24914
24294,24541,24175,24027,25033,25280,24914,24766
24101,24295,24542,24282,24840,25034,25281,25021
24295,24030,24296,24542,25034,24769,25035,25281
24542,24296,24062,24297,25281,25035,24801,25036
24282,24542,24297,24117,25021,25281,25036,24856
23986,24298,24543,24300,24725,25037,25282,25039
24298,24052,24256,24543,25037,24791,24995,25282
24543,24256,24087,24299,25282,24995,24826,25038
24300,24543,24299,23985,25039,25282,25038,24724
24037,24301,24544,24264,24776,25040,25283,25003
24301,24091,24302,24544,25040,24830,25041,25283
24544,24302,24118,24303,25283,25041,24857,25042
24264,24544,24303,24106,25003,25283,25042,24845
24081,24304,24545,24305,24820,25043,25284,25044
24304,24030,24295,24545,25043,24769,25034,25284
24545,24295,24101,24169,25284,25034,24840,24908
24305,24545,24169,24111,25044,25284,24908,24850
24088,24306,24546,24308,24827,25045,25285,25047
24306,24090,24307,24546,25045,24829,25046,25285
24546,24307,24117,24297,25285,25046,24856,25036
24308,24546,24297,24062,25047,25285,25036,24801
23969,24309,24547,24310,24708,25048,25286,25049
24309,23970,24262,24547,25048,24709,25001,25286
24547,24262,24067,24133,25286,25001,24806,24872
24310,24547,24133,24092,25049,25286,24872,24831
24062,24311,24548,24308,24801,25050,25287,25047
24311,23930,24312,24548,25050,24669,25051,25287
24548,24312,23931,24313,25287,25051,24670,25052
24308,24548,24313,24088,25047,25287,25052,24827
23963,24314,24549,24316,24702,25053,25288,25055
24314,24089,24131,24549,25053,24828,24870,25288
24549,24131,24064,24315,25288,24870,24803,25054
24316,24549,24315,23962,25055,25288,25054,24701
23937,24317,24550,24320,24676,25056,25289,25059
24317,23938,24318,24550,25056,24677,25057,25289
24550,24318,24065,24319,25289,25057,24804,25058
24320,24550,24319,24090,25059,25289,25058,24829
24025,24321,24551,24324,24764,25060,25290,25063
24321,23983,24322,24551,25060,24722,25061,25290
24551,24322,23984,24323,25290,25061,24723,25062
24324,24551,24323,24087,25063,25290,25062,24826
24080,24325,24552,24328,24819,25064,25291,25067
24325,24122,24326,24552,25064,24861,25065,25291
24552,24326,24112,24327,25291,25065,24851,25066
24328,24552,24327,24113,25067,25291,25066,24852
24096,24329,24553,24332,24835,25068,25292,25071
24329,23943,24330,24553,25068,24682,25069,25292
24553,24330,23944,24331,25292,25069,24683,25070
24332,24553,24331,24076,25071,25292,25070,24815
23957,24333,24554,24336,24696,25072,25293,25075
24333,24099,24334,24554,25072,24838,25073,25293
24554,24334,24077,24335,25293,25073,24816,25074
24336,24554,24335,23956,25075,25293,25074,24695
24074,24337,24555,24340,24813,25076,25294,25079
24337,24093,24338,24555,25076,24832,25077,25294
24555,24338,23975,24339,25294,25077,24714,25078
24340,24555,24339,23976,25079,25294,25078,24715
24055,24341,24556,24196,24794,25080,25295,24935
24341,24068,24342,24556,25080,24807,25081,25295
24556,24342,24113,24327,25295,25081,24852,25066
24196,24556,24327,24112,24935,25295,25066,24851
24118,24343,24557,24303,24857,25082,25296,25042
24343,24080,24344,24557,25082,24819,25083,25296
24557,24344,24102,24254,25296,25083,24841,24993
24303,24557,24254,24106,25042,25296,24993,24845
24080,24343,24558,24325,24819,25082,25297,25064
24343,24118,24345,24558,25082,24857,25084,25297
24558,24345,24119,24226,25297,25084,24858,24965
24325,24558,24226,24122,25064,25297,24965,24861
23948,24346,24559,24348,24687,25085,25298,25087
24346,23949,24347,24559,25085,24688,25086,25298
24559,24347,24027,24174,25298,25086,24766,24913
24348,24559,24174,24086,25087,25298,24913,24825
24072,24193,24560,24129,24811,24932,25299,24868
24193,24112,24326,24560,24932,24851,25065,25299
24560,24326,24122,24225,25299,25065,24861,24964
24129,24560,24225,24051,24868,25299,24964,24790
24068,24216,24561,24351,24807,24955,25300,25090
24216,24114,24349,24561,24955,24853,25088,25300
24561,24349,23961,24350,25300,25088,24700,25089
24351,24561,24350,24034,25090,25300,25089,24773
24049,24166,24562,24354,24788,24905,25301,25093
24166,24104,24352,24562,24905,24843,25091,25301
24562,24352,24059,24353,25301,25091,24798,25092
24354,24562,24353,24007,25093,25301,25092,24746
23929,24355,24563,24358,24668,25094,25302,25097
24355,24030,24356,24563,25094,24769,25095,25302
24563,24356,24073,24357,25302,25095,24812,25096
24358,24563,24357,24107,25097,25302,25096,24846
24019,24197,24564,24361,24758,24936,25303,25100
24197,24042,24359,24564,24936,24781,25098,25303
24564,24359,24048,24360,25303,25098,24787,25099
24361,24564,24360,24018,25100,25303,25099,24757
24004,24362,24565,24241,24743,25101,25304,24980
24362,24061,24363,24565,25101,24800,25102,25304
24565,24363,24110,24364,25304,25102,24849,25103
24241,24565,24364,24050,24980,25304,25103,24789
23971,24365,24566,24368,24710,25104,25305,25107
24365,24115,24366,24566,25104,24854,25105,25305
24566,24366,24066,24367,25305,25105,24805,25106
24368,24566,24367,24037,25107,25305,25106,24776
24034,24369,24567,24371,24773,25108,25306,25110
24369,24064,24255,24567,25108,24803,24994,25306
24567,24255,24102,24370,25306,24994,24841,25109
24371,24567,24370,24113,25110,25306,25109,24852
24005,24372,24568,24375,24744,25111,25307,25114
24372,24053,24373,24568,25111,24792,25112,25307
24568,24373,24081,24374,25307,25112,24820,25113
24375,24568,24374,24061,25114,25307,25113,24800
24094,24222,24569,24378,24833,24961,25308,25117
24222,24095,24376,24569,24961,24834,25115,25308
24569,24376,24115,24377,25308,25115,24854,25116
24378,24569,24377,23972,25117,25308,25116,24711
24075,24246,24570,24136,24814,24985,25309,24875
24246,24022,24379,24570,24985,24761,25118,25309
24570,24379,24023,24380,25309,25118,24762,25119
24136,24570,24380,24082,24875,25309,25119,24821
24044,24381,24571,24383,24783,25120,25310,25122
24381,24035,24146,24571,25120,24774,24885,25310
24571,24146,24017,24382,25310,24885,24756,25121
24383,24571,24382,24018,25122,25310,25121,24757
24015,24251,24572,24386,24754,24990,25311,25125
24251,24078,24384,24572,24990,24817,25123,25311
24572,24384,24040,24385,25311,25123,24779,25124
24386,24572,24385,24014,25125,25311,25124,24753
23997,24387,24573,24389,24736,25126,25312,25128
24387,23998,24388,24573,25126,24737,25127,25312
24573,24388,24032,24183,25312,25127,24771,24922
24389,24573,24183,24054,25128,25312,24922,24793
24081,24373,24574,24304,24820,25112,25313,25043
24373,24053,24191,24574,25112,24792,24930,25313
24574,24191,24073,24356,25313,24930,24812,25095
24304,24574,24356,24030,25043,25313,25095,24769
24029,24390,24575,24392,24768,25129,25314,25131
24390,23987,24167,24575,25129,24726,24906,25314
24575,24167,24049,24391,25314,24906,24788,25130
24392,24575,24391,23992,25131,25314,25130,24731
24014,24385,24576,24394,24753,25124,25315,25133
24385,24040,24393,24576,25124,24779,25132,25315
24576,24393,24055,24195,25315,25132,24794,24934
24394,24576,24195,24013,25133,25315,24934,24752
23977,24395,24577,24397,24716,25134,25316,25136
24395,24031,24396,24577,25134,24770,25135,25316
24577,24396,24041,24290,25316,25135,24780,25029
24397,24577,24290,24056,25136,25316,25029,24795
24058,24155,24578,24399,24797,24894,25317,25138
24155,24078,24250,24578,24894,24817,24989,25317
24578,24250,24045,24398,25317,24989,24784,25137
24399,24578,24398,23955,25138,25317,25137,24694
24061,24400,24579,24363,24800,25139,25318,25102
24400,24111,24172,24579,25139,24850,24911,25318
24579,24172,24079,24260,25318,24911,24818,24999
24363,24579,24260,24110,25102,25318,24999,24849
24047,24209,24580,24403,24786,24948,25319,25142
24209,23995,24401,24580,24948,24734,25140,25319
24580,24401,23996,24402,25319,25140,24735,25141
24403,24580,24402,24031,25142,25319,25141,24770
24063,24230,24581,24406,24802,24969,25320,25145
24230,24032,24404,24581,24969,24771,25143,25320
24581,24404,23999,24405,25320,25143,24738,25144
24406,24581,24405,24000,25145,25320,25144,24739
23977,24407,24582,24395,24716,25146,25321,25134
24407,23978,24408,24582,25146,24717,25147,25321
24582,24408,24047,24403,25321,25147,24786,25142
24395,24582,24403,24031,25134,25321,25142,24770
23993,24409,24583,24410,24732,25148,25322,25149
24409,23994,24211,24583,25148,24733,24950,25322
24583,24211,24038,24257,25322,24950,24777,24996
24410,24583,24257,24052,25149,25322,24996,24791
24053,24411,24584,24192,24792,25150,25323,24931
24411,24006,24412,24584,25150,24745,25151,25323
24584,24412,24007,24353,25323,25151,24746,25092
24192,24584,24353,24059,24931,25323,25092,24798
24031,24402,24585,24396,24770,25141,25324,25135
24402,23996,24413,24585,25141,24735,25152,25324
24585,24413,23997,24414,25324,25152,24736,25153
24396,24585,24414,24041,25135,25324,25153,24780
24056,24289,24586,24415,24795,25028,25325,25154
24289,24105,24220,24586,25028,24844,24959,25325
24586,24220,24074,24340,25325,24959,24813,25079
24415,24586,24340,23976,25154,25325,25079,24715
23954,24416,24587,24417,24693,25155,25326,25156
24416,23955,24398,24587,25155,24694,25137,25326
24587,24398,24045,24147,25326,25137,24784,24886
24417,24587,24147,24035,25156,25326,24886,24774
24043,24418,24588,24124,24782,25157,25327,24863
24418,23945,24419,24588,25157,24684,25158,25327
24588,24419,23946,24420,25327,25158,24685,25159
24124,24588,24420,24033,24863,25327,25159,24772
24093,24421,24589,24423,24832,25160,25328,25162
24421,24094,24378,24589,25160,24833,25117,25328
24589,24378,23972,24422,25328,25117,24711,25161
24423,24589,24422,23973,25162,25328,25161,24712
24010,24424,24590,24426,24749,25163,25329,25165
24424,24011,24425,24590,25163,24750,25164,25329
24590,24425,24071,24161,25329,25164,24810,24900
24426,24590,24161,24039,25165,25329,24900,24778
24100,24427,24591,24430,24839,25166,25330,25169
24427,24099,24428,24591,25166,24838,25167,25330
24591,24428,23959,24429,25330,25167,24698,25168
24430,24591,24429,23960,25169,25330,25168,24699
24096,24431,24592,24434,24835,25170,25331,25173
24431,24097,24432,24592,25170,24836,25171,25331
24592,24432,23940,24433,25331,25171,24679,25172
24434,24592,24433,23941,25173,25331,25172,24680
24009,24151,24593,24436,24748,24890,25332,25175
24151,24060,24261,24593,24890,24799,25000,25332
24593,24261,24046,24435,25332,25000,24785,25174
24436,24593,24435,24008,25175,25332,25174,24747
23945,24418,24594,24437,24684,25157,25333,25176
24418,24043,24247,24594,25157,24782,24986,25333
24594,24247,24075,24141,25333,24986,24814,24880
24437,24594,24141,24057,25176,25333,24880,24796
23961,24349,24595,24438,24700,25088,25334,25177
24349,24114,24249,24595,25088,24853,24988,25334
24595,24249,24100,24430,25334,24988,24839,25169
24438,24595,24430,23960,25177,25334,25169,24699
24121,24187,24596,24176,24860,24926,25335,24915
24187,24044,24383,24596,24926,24783,25122,25335
24596,24383,24018,24360,25335,25122,24757,25099
24176,24596,24360,24048,24915,25335,25099,24787
23988,24439,24597,24165,24727,25178,25336,24904
24439,23989,24178,24597,25178,24728,24917,25336
24597,24178,24084,24143,25336,24917,24823,24882
24165,24597,24143,24104,24904,25336,24882,24843
23928,24440,24598,24204,24667,25179,25337,24943
24440,24107,24441,24598,25179,24846,25180,25337
24598,24441,24108,24145,25337,25180,24847,24884
24204,24598,24145,24103,24943,25337,24884,24842
24118,24302,24599,24345,24857,25041,25338,25084
24302,24091,24231,24599,25041,24830,24970,25338
24599,24231,24063,24223,25338,24970,24802,24962
24345,24599,24223,24119,25084,25338,24962,24858
24010,24426,24600,24442,24749,25165,25339,25181
24426,24039,24243,24600,25165,24778,24982,25339
24600,24243,24070,24152,25339,24982,24809,24891
24442,24600,24152,24009,25181,25339,24891,24748
23992,24443,24601,24392,24731,25182,25340,25131
24443,23993,24410,24601,25182,24732,25149,25340
24601,24410,24052,24444,25340,25149,24791,25183
24392,24601,24444,24029,25131,25340,25183,24768
23939,24445,24602,24446,24678,25184,25341,25185
24445,23940,24432,24602,25184,24679,25171,25341
24602,24432,24097,24286,25341,25171,24836,25025
24446,24602,24286,24116,25185,25341,25025,24855
24008,24435,24603,24447,24747,25174,25342,25186
24435,24046,24160,24603,25174,24785,24899,25342
24603,24160,24082,24380,25342,24899,24821,25119
24447,24603,24380,24023,25186,25342,25119,24762
23986,24448,24604,24298,24725,25187,25343,25037
24448,23987,24390,24604,25187,24726,25129,25343
24604,24390,24029,24444,25343,25129,24768,25183
24298,24604,24444,24052,25037,25343,25183,24791
24036,24449,24605,24280,24775,25188,25344,25019
24449,24065,24318,24605,25188,24804,25057,25344
24605,24318,23938,24450,25344,25057,24677,25189
24280,24605,24450,23939,25019,25344,25189,24678
23962,24315,24606,24451,24701,25054,25345,25190
24315,24064,24369,24606,25054,24803,25108,25345
24606,24369,24034,24350,25345,25108,24773,25089
24451,24606,24350,23961,25190,25345,25089,24700
23930,24311,24607,24452,24669,25050,25346,25191
24311,24062,24296,24607,25050,24801,25035,25346
24607,24296,24030,24355,25346,25035,24769,25094
24452,24607,24355,23929,25191,25346,25094,24668
24024,24180,24608,24455,24763,24919,25347,25194
24180,23990,24453,24608,24919,24729,25192,25347
24608,24453,23991,24454,25347,25192,24730,25193
24455,24608,24454,23926,25194,25347,25193,24665
24096,24434,24609,24329,24835,25173,25348,25068
24434,23941,24456,24609,25173,24680,25195,25348
24609,24456,23942,24457,25348,25195,24681,25196
24329,24609,24457,23943,25068,25348,25196,24682
23959,24428,24610,24459,24698,25167,25349,25198
24428,24099,24333,24610,25167,24838,25072,25349
24610,24333,23957,24458,25349,25072,24696,25197
24459,24610,24458,23958,25198,25349,25197,24697
24093,24423,24611,24338,24832,25162,25350,25077
24423,23973,24460,24611,25162,24712,25199,25350
24611,24460,23974,24461,25350,25199,24713,25200
24338,24611,24461,23975,25077,25350,25200,24714
23933,24462,24612,24233,24672,25201,25351,24972
24462,23934,24463,24612,25201,24673,25202,25351
24612,24463,23935,24265,25351,25202,24674,25004
24233,24612,24265,24028,24972,25351,25004,24767
24026,24270,24613,24239,24765,25009,25352,24978
24270,23965,24464,24613,25009,24704,25203,25352
24613,24464,23966,24465,25352,25203,24705,25204
24239,24613,24465,23967,24978,25352,25204,24706
24025,24201,24614,24321,24764,24940,25353,25060
24201,23981,24466,24614,24940,24720,25205,25353
24614,24466,23982,24467,25353,25205,24721,25206
24321,24614,24467,23983,25060,25353,25206,24722
23949,24468,24615,24347,24688,25207,25354,25086
24468,23950,24469,24615,25207,24689,25208,25354
24615,24469,23951,24294,25354,25208,24690,25033
24347,24615,24294,24027,25086,25354,25033,24766
24069,24281,24616,24138,24808,25020,25355,24877
24281,23939,24446,24616,25020,24678,25185,25355
24616,24446,24116,24285,25355,25185,24855,25024
24138,24616,24285,24098,24877,25355,25024,24837
24058,24399,24617,24156,24797,25138,25356,24895
24399,23955,24470,24617,25138,24694,25209,25356
24617,24470,23956,24335,25356,25209,24695,25074
24156,24617,24335,24077,24895,25356,25074,24816
23945,24437,24618,24471,24684,25176,25357,25210
24437,24057,24140,24618,25176,24796,24879,25357
24618,24140,24076,24331,25357,24879,24815,25070
24471,24618,24331,23944,25210,25357,25070,24683
24024,24455,24619,24206,24763,25194,25358,24945
24455,23926,24472,24619,25194,24665,25211,25358
24619,24472,23927,24206,25358,25211,24666,24945
24049,24354,24620,24391,24788,25093,25359,25130
24354,24007,24473,24620,25093,24746,25212,25359
24620,24473,23992,24391,25359,25212,24731,25130
23937,24320,24621,24474,24676,25059,25360,25213
24320,24090,24267,24621,25059,24829,25006,25360
24621,24267,23936,24474,25360,25006,24675,25213
23998,24475,24622,24388,24737,25214,25361,25127
24475,23999,24404,24622,25214,24738,25143,25361
24622,24404,24032,24388,25361,25143,24771,25127
24061,24362,24623,24375,24800,25101,25362,25114
24362,24004,24476,24623,25101,24743,25215,25362
24623,24476,24005,24375,25362,25215,24744,25114
24053,24372,24624,24411,24792,25111,25363,25150
24372,24005,24477,24624,25111,24744,25216,25363
24624,24477,24006,24411,25363,25216,24745,25150
24041,24414,24625,24291,24780,25153,25364,25030
24414,23997,24389,24625,25153,24736,25128,25364
24625,24389,24054,24291,25364,25128,24793,25030
24037,24367,24626,24301,24776,25106,25365,25040
24367,24066,24229,24626,25106,24805,24968,25365
24626,24229,24091,24301,25365,24968,24830,25040
24087,24323,24627,24299,24826,25062,25366,25038
24323,23984,24478,24627,25062,24723,25217,25366
24627,24478,23985,24299,25366,25217,24724,25038
23979,24212,24628,24479,24718,24951,25367,25218
24212,24047,24408,24628,24951,24786,25147,25367
24628,24408,23978,24479,25367,25147,24717,25218
24033,24420,24629,24199,24772,25159,25368,24938
24420,23946,24275,24629,25159,24685,25014,25368
24629,24275,24042,24199,25368,25014,24781,24938
24034,24371,24630,24351,24773,25110,25369,25090
24371,24113,24342,24630,25110,24852,25081,25369
24630,24342,24068,24351,25369,25081,24807,25090
23953,24188,24631,24480,24692,24927,25370,25219
24188,24121,24293,24631,24927,24860,25032,25370
24631,24293,23952,24480,25370,25032,24691,25219
24063,24406,24632,24224,24802,25145,25371,24963
24406,24000,24277,24632,25145,24739,25016,25371
24632,24277,24051,24224,25371,25016,24790,24963
23970,24481,24633,24263,24709,25220,25372,25002
24481,23971,24368,24633,25220,24710,25107,25372
24633,24368,24037,24263,25372,25107,24776,25002
24012,24482,24634,24128,24751,25221,25373,24867
24482,24013,24194,24634,25221,24752,24933,25373
24634,24194,24072,24128,25373,24933,24811,24867
23977,24397,24635,24483,24716,25136,25374,25222
24397,24056,24415,24635,25136,24795,25154,25374
24635,24415,23976,24483,25374,25154,24715,25222
24080,24328,24636,24344,24819,25067,25375,25083
24328,24113,24370,24636,25067,24852,25109,25375
24636,24370,24102,24344,25375,25109,24841,25083
24035,24381,24637,24417,24774,25120,25376,25156
24381,24044,24186,24637,25120,24783,24925,25376
24637,24186,23954,24417,25376,24925,24693,25156
23971,24484,24638,24365,24710,25223,25377,25104
24484,23972,24377,24638,25223,24711,25116,25377
24638,24377,24115,24365,25377,25116,24854,25104
24068,24341,24639,24217,24807,25080,25378,24956
24341,24055,24393,24639,25080,24794,25132,25378
24639,24393,24040,24217,25378,25132,24779,24956
24086,24173,24640,24274,24825,24912,25379,25013
24173,24048,24359,24640,24912,24787,25098,25379
24640,24359,24042,24274,25379,25098,24781,25013
24092,24237,24641,24310,24831,24976,25380,25049
24237,23968,24485,24641,24976,24707,25224,25380
24641,24485,23969,24310,25380,25224,24708,25049
24060,24150,24642,24259,24799,24889,25381,24998
24150,24050,24364,24642,24889,24789,25103,25381
24642,24364,24110,24259,25381,25103,24849,24998
24024,24205,24643,24177,24763,24944,25382,24916
24205,24103,24144,24643,24944,24842,24883,25382
24643,24144,24084,24177,25382,24883,24823,24916
24109,24228,24644,24279,24848,24967,25383,25018
24228,24120,24284,24644,24967,24859,25023,25383
24644,24284,24036,24279,25383,25023,24775,25018
24040,24384,24645,24218,24779,25123,25384,24957
24384,24078,24154,24645,25123,24817,24893,25384
24645,24154,24083,24218,25384,24893,24822,24957
24012,24127,24646,24486,24751,24866,25385,25225
24127,24071,24425,24646,24866,24810,25164,25385
24646,24425,24011,24486,25385,25164,24750,25225
23980,24203,24647,24487,24719,24942,25386,25226
24203,24085,24213,24647,24942,24824,24952,25386
24647,24213,23979,24487,25386,24952,24718,25226
24087,24258,24648,24324,24826,24997,25387,25063
24258,24085,24202,24648,24997,24824,24941,25387
24648,24202,24025,24324,25387,24941,24764,25063
23948,24348,24649,24488,24687,25087,25388,25227
24348,24086,24273,24649,25087,24825,25012,25388
24649,24273,23947,24488,25388,25012,24686,25227
23932,24235,24650,24489,24671,24974,25389,25228
24235,24088,24313,24650,24974,24827,25052,25389
24650,24313,23931,24489,25389,25052,24670,25228
24088,24234,24651,24306,24827,24973,25390,25045
24234,24028,24268,24651,24973,24767,25007,25390
24651,24268,24090,24306,25390,25007,24829,25045
23964,24272,24652,24490,24703,25011,25391,25229
24272,24089,24314,24652,25011,24828,25053,25391
24652,24314,23963,24490,25391,25053,24702,25229
24089,24271,24653,24132,24828,25010,25392,24871
24271,24026,24238,24653,25010,24765,24977,25392
24653,24238,24092,24132,25392,24977,24831,24871
24090,24319,24654,24307,24829,25058,25393,25046
24319,24065,24491,24654,25058,24804,25230,25393
24654,24491,24117,24307,25393,25230,24856,25046
24094,24421,24655,24219,24833,25160,25394,24958
24421,24093,24337,24655,25160,24832,25076,25394
24655,24337,24074,24219,25394,25076,24813,24958
24097,24431,24656,24287,24836,25170,25395,25026
24431,24096,24332,24656,25170,24835,25071,25395
24656,24332,24076,24287,25395,25071,24815,25026
24077,24334,24657,24248,24816,25073,25396,24987
24334,24099,24427,24657,25073,24838,25166,25396
24657,24427,24100,24248,25396,25166,24839,24987
24073,24190,24658,24357,24812,24929,25397,25096
24190,24108,24441,24658,24929,24847,25180,25397
24658,24441,24107,24357,25397,25180,24846,25096
24054,24182,24659,24288,24793,24921,25398,25027
24182,24095,24221,24659,24921,24834,24960,25398
24659,24221,24105,24288,25398,24960,24844,25027
23929,24358,24660,24492,24668,25097,25399,25231
24358,24107,24440,24660,25097,24846,25179,25399
24660,24440,23928,24492,25399,25179,24667,25231
24104,24142,24661,24352,24843,24881,25400,25091
24142,24108,24189,24661,24881,24847,24928,25400
24661,24189,24059,24352,25400,24928,24798,25091
24111,24400,24662,24305,24850,25139,25401,25044
24400,24061,24374,24662,25139,24800,25113,25401
24662,24374,24081,24305,25401,25113,24820,25044
24066,24366,24663,24181,24805,25105,25402,24920
24366,24115,24376,24663,25105,24854,25115,25402
24663,24376,24095,24181,25402,25115,24834,24920
24036,24283,24664,24449,24775,25022,25403,25188
24283,24117,24491,24664,25022,24856,25230,25403
24664,24491,24065,24449,25403,25230,24804,25188
24760,24862,25232,24865,25499,25601,25971,25604
24862,24782,24863,25232,25601,25521,25602,25971
25232,24863,24772,24864,25971,25602,25511,25603
24865,25232,24864,24759,25604,25971,25603,25498
24810,24866,25233,24869,25549,25605,25972,25608
24866,24751,24867,25233,25605,25490,25606,25972
25233,24867,24811,24868,25972,25606,25550,25607
24869,25233,24868,24790,25608,25972,25607,25529
24803,24870,25234,24873,25542,25609,25973,25612
24870,24828,24871,25234,25609,25567,25610,25973
25234,24871,24831,24872,25973,25610,25570,25611
24873,25234,24872,24806,25612,25973,25611,25545
24837,24874,25235,24877,25576,25613,25974,25616
24874,24814,24875,25235,25613,25553,25614,25974
25235,24875,24821,24876,25974,25614,25560,25615
24877,25235,24876,24808,25616,25974,25615,25547
24837,24878,25236,24874,25576,25617,25975,25613
24878,24815,24879,25236,25617,25554,25618,25975
25236,24879,24796,24880,25975,25618,25535,25619
24874,25236,24880,24814,25613,25975,25619,25553
24847,24881,25237,24884,25586,25620,25976,25623
24881,24843,24882,25237,25620,25582,25621,25976
25237,24882,24823,24883,25976,25621,25562,25622
24884,25237,24883,24842,25623,25976,25622,25581
24756,24885,25238,24888,25495,25624,25977,25627
24885,24774,24886,25238,25624,25513,25625,25977
25238,24886,24784,24887,25977,25625,25523,25626
24888,25238,24887,24755,25627,25977,25626,25494
24789,24889,25239,24892,25528,25628,25978,25631
24889,24799,24890,25239,25628,25538,25629,25978
25239,24890,24748,24891,25978,25629,25487,25630
24892,25239,24891,24809,25631,25978,25630,25548
24822,24893,25240,24896,25561,25632,25979,25635
24893,24817,24894,25240,25632,25556,25633,25979
25240,24894,24797,24895,25979,25633,25536,25634
24896,25240,24895,24816,25635,25979,25634,25555
24785,24897,25241,24899,25524,25636,25980,25638
24897,24848,24898,25241,25636,25587,25637,25980
25241,24898,24808,24876,25980,25637,25547,25615
24899,25241,24876,24821,25638,25980,25615,25560
24778,24900,25242,24903,25517,25639,25981,25642
24900,24810,24901,25242,25639,25549,25640,25981
25242,24901,24740,24902,25981,25640,25479,25641
24903,25242,24902,24741,25642,25981,25641,25480
24727,24904,25243,24907,25466,25643,25982,25646
24904,24843,24905,25243,25643,25582,25644,25982
25243,24905,24788,24906,25982,25644,25527,25645
24907,25243,24906,24726,25646,25982,25645,25465
24850,24908,25244,24911,25589,25647,25983,25650
24908,24840,24909,25244,25647,25579,25648,25983
25244,24909,24859,24910,25983,25648,25598,25649
24911,25244,24910,24818,25650,25983,25649,25557
24787,24912,25245,24915,25526,25651,25984,25654
24912,24825,24913,25245,25651,25564,25652,25984
25245,24913,24766,24914,25984,25652,25505,25653
24915,25245,24914,24860,25654,25984,25653,25599
24763,24916,25246,24919,25502,25655,25985,25658
24916,24823,24917,25246,25655,25562,25656,25985
25246,24917,24728,24918,25985,25656,25467,25657
24919,25246,24918,24729,25658,25985,25657,25468
24805,24920,25247,24923,25544,25659,25986,25662
24920,24834,24921,25247,25659,25573,25660,25986
25247,24921,24793,24922,25986,25660,25532,25661
24923,25247,24922,24771,25662,25986,25661,25510
24692,24924,25248,24927,25431,25663,25987,25666
24924,24693,24925,25248,25663,25432,25664,25987
25248,24925,24783,24926,25987,25664,25522,25665
24927,25248,24926,24860,25666,25987,25665,25599
24798,24928,25249,24931,25537,25667,25988,25670
24928,24847,24929,25249,25667,25586,25668,25988
25249,24929,24812,24930,25988,25668,25551,25669
24931,25249,24930,24792,25670,25988,25669,25531
24851,24932,25250,24935,25590,25671,25989,25674
24932,24811,24933,25250,25671,25550,25672,25989
25250,24933,24752,24934,25989,25672,25491,25673
24935,25250,24934,24794,25674,25989,25673,25533
24781,24936,25251,24938,25520,25675,25990,25677
24936,24758,24937,25251,25675,25497,25676,25990
25251,24937,24759,24864,25990,25676,25498,25603
24938,25251,24864,24772,25677,25990,25603,25511
24719,24939,25252,24942,25458,25678,25991,25681
24939,24720,24940,25252,25678,25459,25679,25991
25252,24940,24764,24941,25991,25679,25503,25680
24942,25252,24941,24824,25681,25991,25680,25563
24667,24943,25253,24946,25406,25682,25992,25685
24943,24842,24944,25253,25682,25581,25683,25992
25253,24944,24763,24945,25992,25683,25502,25684
24946,25253,24945,24666,25685,25992,25684,25405
24733,24947,25254,24950,25472,25686,25993,25689
24947,24734,24948,25254,25686,25473,25687,25993
25254,24948,24786,24949,25993,25687,25525,25688
24950,25254,24949,24777,25689,25993,25688,25516
24786,24951,25255,24949,25525,25690,25994,25688
24951,24718,24952,25255,25690,25457,25691,25994
25255,24952,24824,24953,25994,25691,25563,25692
24949,25255,24953,24777,25688,25994,25692,25516
24822,24954,25256,24957,25561,25693,25995,25696
24954,24853,24955,25256,25693,25592,25694,25995
25256,24955,24807,24956,25995,25694,25546,25695
24957,25256,24956,24779,25696,25995,25695,25518
24833,24958,25257,24961,25572,25697,25996,25700
24958,24813,24959,25257,25697,25552,25698,25996
25257,24959,24844,24960,25996,25698,25583,25699
24961,25257,24960,24834,25700,25996,25699,25573
24858,24962,25258,24965,25597,25701,25997,25704
24962,24802,24963,25258,25701,25541,25702,25997
25258,24963,24790,24964,25997,25702,25529,25703
24965,25258,24964,24861,25704,25997,25703,25600
24785,24966,25259,24897,25524,25705,25998,25636
24966,24818,24910,25259,25705,25557,25649,25998
25259,24910,24859,24967,25998,25649,25598,25706
24897,25259,24967,24848,25636,25998,25706,25587
24830,24968,25260,24970,25569,25707,25999,25709
24968,24805,24923,25260,25707,25544,25662,25999
25260,24923,24771,24969,25999,25662,25510,25708
24970,25260,24969,24802,25709,25999,25708,25541
24671,24971,25261,24974,25410,25710,26000,25713
24971,24672,24972,25261,25710,25411,25711,26000
25261,24972,24767,24973,26000,25711,25506,25712
24974,25261,24973,24827,25713,26000,25712,25566
24706,24975,25262,24978,25445,25714,26001,25717
24975,24707,24976,25262,25714,25446,25715,26001
25262,24976,24831,24977,26001,25715,25570,25716
24978,25262,24977,24765,25717,26001,25716,25504
24742,24979,25263,24981,25481,25718,26002,25720
24979,24743,24980,25263,25718,25482,25719,26002
25263,24980,24789,24892,26002,25719,25528,25631
24981,25263,24892,24809,25720,26002,25631,25548
24742,24981,25264,24983,25481,25720,26003,25722
24981,24809,24982,25264,25720,25548,25721,26003
25264,24982,24778,24903,26003,25721,25517,25642
24983,25264,24903,24741,25722,26003,25642,25480
24782,24862,25265,24986,25521,25601,26004,25725
24862,24760,24984,25265,25601,25499,25723,26004
25265,24984,24761,24985,26004,25723,25500,25724
24986,25265,24985,24814,25725,26004,25724,25553
24822,24896,25266,24954,25561,25635,26005,25693
24896,24816,24987,25266,25635,25555,25726,26005
25266,24987,24839,24988,26005,25726,25578,25727
24954,25266,24988,24853,25693,26005,25727,25592
24784,24989,25267,24887,25523,25728,26006,25626
24989,24817,24990,25267,25728,25556,25729,26006
25267,24990,24754,24991,26006,25729,25493,25730
24887,25267,24991,24755,25626,26006,25730,25494
24806,24992,25268,24873,25545,25731,26007,25612
24992,24845,24993,25268,25731,25584,25732,26007
25268,24993,24841,24994,26007,25732,25580,25733
24873,25268,24994,24803,25612,26007,25733,25542
24826,24995,25269,24997,25565,25734,26008,25736
24995,24791,24996,25269,25734,25530,25735,26008
25269,24996,24777,24953,26008,25735,25516,25692
24997,25269,24953,24824,25736,26008,25692,25563
24799,24998,25270,25000,25538,25737,26009,25739
24998,24849,24999,25270,25737,25588,25738,26009
25270,24999,24818,24966,26009,25738,25557,25705
25000,25270,24966,24785,25739,26009,25705,25524
24806,25001,25271,24992,25545,25740,26010,25731
25001,24709,25002,25271,25740,25448,25741,26010
25271,25002,24776,25003,26010,25741,25515,25742
24992,25271,25003,24845,25731,26010,25742,25584
24767,25004,25272,25007,25506,25743,26011,25746
25004,24674,25005,25272,25743,25413,25744,26011
25272,25005,24675,25006,26011,25744,25414,25745
25007,25272,25006,24829,25746,26011,25745,25568
24703,25008,25273,25011,25442,25747,26012,25750
25008,24704,25009,25273,25747,25443,25748,26012
25273,25009,24765,25010,26012,25748,25504,25749
25011,25273,25010,24828,25750,26012,25749,25567
24686,25012,25274,25015,25425,25751,26013,25754
25012,24825,25013,25274,25751,25564,25752,26013
25274,25013,24781,25014,26013,25752,25520,25753
25015,25274,25014,24685,25754,26013,25753,25424
24790,25016,25275,24869,25529,25755,26014,25608
25016,24739,25017,25275,25755,25478,25756,26014
25275,25017,24740,24901,26014,25756,25479,25640
24869,25275,24901,24810,25608,26014,25640,25549
24808,24898,25276,25020,25547,25637,26015,25759
24898,24848,25018,25276,25637,25587,25757,26015
25276,25018,24775,25019,26015,25757,25514,25758
25020,25276,25019,24678,25759,26015,25758,25417
24840,25021,25277,24909,25579,25760,26016,25648
25021,24856,25022,25277,25760,25595,25761,26016
25277,25022,24775,25023,26016,25761,25514,25762
24909,25277,25023,24859,25648,26016,25762,25598
24815,24878,25278,25026,25554,25617,26017,25765
24878,24837,25024,25278,25617,25576,25763,26017
25278,25024,24855,25025,26017,25763,25594,25764
25026,25278,25025,24836,25765,26017,25764,25575
24793,25027,25279,25030,25532,25766,26018,25769
25027,24844,25028,25279,25766,25583,25767,26018
25279,25028,24795,25029,26018,25767,25534,25768
